SMA_long= 138
SMA_short= 67
SMA_Timeframe= 6
BULL_RSI= 10
BULL_RSI_high= 81.93600697495238
BULL_RSI_low= 48.516632226052714
BULL_RSI_Timeframe= 19
BEAR_RSI= 15
BEAR_RSI_high= 45.61985405602511
BEAR_RSI_low= 20.925647327774335
BEAR_RSI_Timeframe=16
BULL_MOD_high= 5
BULL_MOD_low= -5
BEAR_MOD_high= 15
BEAR_MOD_low =-5
ADX= 3
ADX_high= 65.80525318969225
ADX_low= 45.6513373850286
ADX_Timeframe= 9

# STOP/LOSS (%)
STOP = 30
TAKE_PROFIT = 10
